J_type,N-SIZE,Thk,Filler Size(2.4),Electrode  Size(2.5),Electrode  Size(3.25),Electrode  Size(4)
BW,0.5,2.77,0.01596072,0,0,0
FW,0.5,2.77,0,0.007612844,0,0
BW,1.5,2.77,0.014464403,0,0,0
FW,1.5,2.77,0,0.007612844,0,0
BW,2,2.77,0.040948521,0,0,0
FW,2,2.77,0,0.021551853,0,0
BW,2,2.87,0.040948521,0,0,0
FW,1.5,2.87,0,0.007612844,0,0
BW,0.75,2.87,0.018131435,0,0,0
FW,0.75,2.87,0,0.00954286,0,0
FW,2,3,0,0.03232778,0,0
FW,3,3,0,0.04766069,0,0
FW,4,3,0,0.06127803,0,0
FW,6,3,0,0.090228281,0,0
FW,8,3,0,0.117462961,0,0
FW,10,3,0,0.146413211,0,0
FW,12,3,0,0.173647891,0,0
FW,16,3,0,0.217877441,0,0
FW,18,3,0,0.245112121,0,0
FW,20,3,0,0.272346801,0,0
FW,24,3,0,0.326816161,0,0
FW,28,3,0,0.381285521,0,0
FW,30,3,0,0.408520202,0,0
FW,34,3,0,0.462989562,0,0
FW,42,3,0,0.571928282,0,0
BW,2.5,3.05,0.045158608,0,0,0
FW,2.5,3.05,0,0.045569839,0,0
BW,4,3.05,0.089874444,0,0,0
BW,3,3.05,0.069902346,0,0,0
FW,3,3.05,0,0.04766069,0,0
BW,3,3.38,0.069902346,0,0,0
BW,1,3.38,0.026262524,0,0,0
FW,1,3.38,0,0.017906266,0,0
BW,6,3.4,0.132334812,0,0,0
BW,1,3.56,0.026262524,0,0,0
FW,1,3.56,0,0.017906266,0,0
BW,3,3.56,0.069902346,0,0,0
BW,0.5,3.56,0.016748256,0,0,0
FW,0.5,3.56,0,0.011419265,0,0
BW,1.5,3.56,0.016748256,0,0,0
FW,1.5,3.56,0,0.011419265,0,0
BW,1.25,3.56,0.015726062,0,0,0
FW,1.25,3.56,0,0.010722315,0,0
BW,1.5,3.68,0.016748256,0,0,0
FW,1.5,3.68,0,0.011419265,0,0
BW,1.5,3.7,0.016748256,0,0,0
BW,0.5,3.73,0.016748256,0,0,0
FW,0.5,3.73,0,0.011419265,0,0
FW,24,3.73,0,0.326816161,0,0
FW,1.5,3.76,0,0.011419265,0,0
FW,2,3.76,0,0.03232778,0,0
BW,8,3.76,0.172279009,0,0,0
FW,8,3.76,0,0.117462961,0,0
FW,4,3.81,0,0.06127803,0,0
BW,2,3.81,0.047414077,0,0,0
FW,2,3.81,0,0.03232778,0,0
BW,3,3.81,0.069902346,0,0,0
FW,3,3.81,0,0.04766069,0,0
FW,1,3.91,0,0.017906266,0,0
BW,2,3.91,0.047414077,0,0,0
FW,2,3.91,0,0.03232778,0,0
FW,1.5,3.91,0,0.011419265,0,0
FW,0.5,3.91,0,0.011419265,0,0
BW,0.75,3.91,0.020994293,0,0,0
FW,0.75,3.91,0,0.014314291,0,0
BW,4,3.91,0.089874444,0,0,0
BW,6,3.91,0.132334812,0,0,0
BW,12,3.91,0.254683574,0,0,0
FW,24,3.91,0,0.326816161,0,0
BW,14,3.96,0.279609382,0,0,0
BW,10,4.19,0.26354378,0,0,0
FW,10,4.19,0,0.2537829,0,0
FW,1.5,4.19,0,0.019793393,0,0
FW,3,4.19,0,0.082611863,0,0
BW,1,4.55,0.032231279,0,0,0
FW,1,4.55,0,0.031037528,0,0
FW,0.75,4.55,0,0.024811437,0,0
FW,0.5,4.55,0,0.019793393,0,0
FW,24,4.55,0,0.566481346,0,0
BW,12,4.57,0.312566205,0,0,0
FW,12,4.78,0,0.300989678,0,0
BW,14,4.78,0.343156969,0,0,0
BW,18,4.78,0.441201818,0,0,0
BW,16,4.78,0.392179393,0,0,0
FW,8,4.78,0,0.203602465,0,0
FW,6,4.78,0,0.156395687,0,0
FW,4,4.78,0,0.106215252,0,0
BW,0.5,4.78,0.020554678,0,0,0
FW,0.5,4.78,0,0.019793393,0,0
FW,3,4.78,0,0.082611863,0,0
BW,14,4.8,0.343156969,0,0,0
FW,1.25,4.85,0,0.018585346,0,0
FW,1,5.08,0,0.046556292,0,0
FW,2,5.08,0,0.084052227,0,0
FW,0.5,5.08,0,0.02969009,0,0
FW,0.75,5.08,0,0.037217155,0,0
BW,1.5,5.08,0.028928806,0,0,0
FW,1.5,5.08,0,0.02969009,0,0
BW,3,5.16,0.120740415,0,0,0
BW,3,5.49,0.120740415,0,0,0
FW,3,5.49,0,0.123917794,0,0
BW,2,5.49,0.081897042,0,0,0
FW,2,5.49,0,0.084052227,0,0
FW,0.5,5.49,0,0.02969009,0,0
BW,4,5.49,0.155237677,0,0,0
FW,0.75,5.54,0,0.037217155,0,0
FW,1.5,5.54,0,0.02969009,0,0
BW,2,5.54,0.081897042,0,0,0
FW,2,5.54,0,0.084052227,0,0
FW,1,5.54,0,0.046556292,0,0
BW,20,5.54,0.689945229,0,0,0
FW,1.5,5.56,0,0.02969009,0,0
BW,0.75,5.56,0.036262869,0,0,0
FW,0.75,5.56,0,0.037217155,0,0
FW,0.5,5.56,0,0.02969009,0,0
BW,0.75,6.02,0.048668588,0,0,0
FW,1.5,6.02,0,0.041109356,0,0
BW,3,6.02,0.162046347,0,0,0
FW,3,6.02,0,0.171578485,0,0
BW,2,6.02,0.109914451,0,0,0
FW,2,6.02,0,0.116380007,0,0
BW,4,6.02,0.208345303,0,0,0
FW,4,6.02,0,0.220600909,0,0
BW,6,6.02,0.306776154,0,0,0
FW,6,6.02,0,0.324821811,0,0
FW,8,6.02,0,0.422866659,0,0
BW,8,6.35,0.399374067,0,0,0
FW,8,6.35,0,0.422866659,0,0
BW,10,6.35,0.497804919,0,0,0
FW,10,6.35,0,0.527087561,0,0
BW,6,6.35,0.306776154,0,0,0
FW,6,6.35,0,0.324821811,0,0
BW,4,6.35,0.208345303,0,0,0
FW,4,6.35,0,0.220600909,0,0
BW,14,6.35,0.648185386,0,0,0
FW,14,6.35,0,0.686313939,0,0
BW,12,6.35,0.590402831,0,0,0
FW,12,6.35,0,0.625132409,0,0
BW,16,6.35,0.740783299,0,0,0
FW,16,6.35,0,0.784358787,0,0
BW,18,6.35,0.833381211,0,0,0
FW,18,6.35,0,0.882403635,0,0
BW,2,6.35,0.109914451,0,0,0
FW,2,6.35,0,0.116380007,0,0
BW,3,6.35,0.162046347,0,0,0
FW,3,6.35,0,0.171578485,0,0
BW,1,6.35,0.060881305,0,0,0
FW,1,6.35,0,0.064462558,0,0
FW,1.5,6.35,0,0.041109356,0,0
BW,0.75,6.35,0.048668588,0,0,0
FW,0.75,6.35,0,0.051531446,0,0
FW,0.5,6.35,0,0.041109356,0,0
FW,20,6.35,0,0.980448484,0,0
BW,24,6.35,1.111174948,0,0,0
BW,1,6.49,0.060881305,0,0,0
BW,3,6.49,0.162046347,0,0,0
FW,3,6.49,0,0,0.181110623,0
BW,2,6.49,0.109914451,0,0,0
FW,2,6.49,0,0,0.122845563,0
BW,4,6.49,0.208345303,0,0,0
BW,24,6.53,1.111174948,0,0,0
FW,2.5,7.01,0,0,0.218735226,0
FW,2,7.01,0,0,0.155173343,0
FW,1,7.01,0,0,0.085950077,0
FW,0.5,7.01,0,0,0.054812474,0
FW,1.5,7.01,0,0,0.054812474,0
BW,8,7.04,0.516837028,0,0,0
FW,4,7.11,0,0,0.294134545,0
BW,6,7.11,0.397004435,0,0,0
FW,6,7.11,0,0,0.433095747,0
FW,1.5,7.11,0,0,0.054812474,0
FW,0.75,7.11,0,0,0.068708595,0
FW,2,7.11,0,0,0.155173343,0
BW,1.5,7.14,0.050244768,0,0,0
FW,1.5,7.14,0,0,0.054812474,0
FW,1.5,7.47,0,0,0.054812474,0
BW,0.5,7.47,0.050244768,0,0,0
FW,0.5,7.47,0,0,0.054812474,0
FW,0.5,7.62,0,0,0.054812474,0
FW,1.5,7.62,0,0,0.054812474,0
FW,2,7.62,0,0,0.155173343,0
BW,3,7.62,0.209707037,0,0,0
FW,3,7.62,0,0,0.228771313,0
FW,2.5,7.62,0,0,0.218735226,0
BW,10,7.8,0.245,0,0.69,0
FW,6,7.92,0,0,0.433095747,0
FW,4,7.92,0,0,0.294134545,0
BW,16,7.92,0.95866074,0,0,0
FW,16,7.92,0,0,1.045811716,0
FW,12,7.92,0,0,0.833509879,0
BW,14,7.92,0.838828147,0,0,0
FW,3,7.92,0,0,0.228771313,0
FW,1.5,7.92,0,0,0.054812474,0
BW,30,7.92,1.797488887,0,0,0
BW,0.75,8.18,0.073480025,0,0,0
FW,0.75,8.18,0,0,0.088748601,0
BW,2,8.18,0.165949269,0,0,0
FW,2,8.18,0,0,0.200432234,0
BW,6,8.18,0.463171841,0,0,0
BW,8,8.18,0.602976532,0,0,0
FW,8,8.18,0,0,0.728270357,0
BW,12,8.38,0.891392509,0,0,0
BW,4,8.56,0.314560555,0,0,0
FW,4,8.56,0,0,0.379923787,0
BW,3,8.56,0.24465821,0,0,0
BW,4,8.66,0.314560555,0,0,0
BW,2,8.74,0.165949269,0,0,0
FW,2,8.74,0,0,0.200432234,0
FW,1.5,9.27,0,0,0.088308986,0
BW,10,9.27,0.917522791,0,0,0
BW,12,9.52,1.088193453,0,0,0
FW,12,9.52,0,0,1.342877027,0
BW,16,9.52,1.365365296,0,0,0
BW,28,9.52,2.389389267,0,0,0
BW,24,9.52,2.048047944,0,0,0
BW,24,9.53,2.048047944,0,0,0
FW,24,9.53,0,0,2.527378313,0
BW,20,9.53,1.70670662,0,0,0
FW,20,9.53,0,0,2.106148594,0
BW,28,9.53,2.389389267,0,0,0
FW,28,9.53,0,0,2.948608032,0
BW,30,9.53,2.560059929,0,0,0
FW,30,9.53,0,0,3.159222892,0
BW,18,9.53,1.536035958,0,0,0
FW,18,9.53,0,0,1.895533735,0
BW,12,9.53,1.088193453,0,0,0
FW,12,9.53,0,0,1.342877027,0
FW,14,9.53,0,0,1.474304016,0
FW,10,9.53,0,0,1.132262168,0
FW,8,9.53,0,0,0.90838023,0
FW,4,9.53,0,0,0.473883434,0
BW,6,9.53,0.565430559,0,0,0
FW,6,9.53,0,0,0.697765371,0
FW,1.5,9.53,0,0,0.088308986,0
BW,0.75,9.53,0.089702887,0,0,0
FW,0.5,9.53,0,0,0.088308986,0
BW,2,9.53,0.20258742,0,0,0
FW,2,9.53,0,0,0.250001497,0
BW,6,10,0.679719715,0,0,0
BW,1.5,10.15,0.028167522,0,0.057857612,0
FW,1.5,10.15,0,0,0.107341095,0
FW,1.5,10.31,0,0,0.107341095,0
BW,4,10.31,0.151152475,0,0.310475353,0
FW,4,10.31,0,0,0.576013484,0
BW,12,10.31,0.428331466,0,0.879815983,0
BW,6,10.97,0.222563092,0,0.457156622,0
BW,8,10.97,0.28974197,0,0.595145668,0
FW,1.5,10.97,0,0,0.107341095,0
FW,1.5,11.13,0,0,0.127895773,0
BW,3,11.13,0.117563036,0,0.308205796,0
FW,3,11.13,0,0,0.53379973,0
BW,4,11.13,0.151152475,0,0.396264595,0
BW,14,11.13,0.470252143,0,1.232823186,0
BW,0.5,12,0.028167522,0,0.086786418,0
FW,0.5,12.7,0,0,0.14997302,0
BW,0.75,12.7,0.035308583,0,0.108788608,0
FW,0.75,12.7,0,0,0.187994349,0
FW,1.5,12.7,0,0,0.14997302,0
BW,3,12.7,0.117563036,0,0.362221245,0
FW,3,12.7,0,0,0.625943731,0
FW,1,12.7,0,0,0.235168961,0
BW,2,12.7,0.079741857,0,0.245691126,0
FW,2,12.7,0,0,0.424571507,0
FW,14,12.7,0,0,2.503774924,0
BW,12,12.7,0.428331466,0,1.319723975,0
FW,12,12.7,0,0,2.280575641,0
BW,18,12.7,0.604609898,0,1.862852119,0
FW,18,12.7,0,0,3.219139188,0
BW,16,12.7,0.537431021,0,1.65586855,0
FW,16,12.7,0,0,2.861457056,0
FW,4,12.7,0,0,0.804784797,0
FW,6,12.7,0,0,1.184998087,0
BW,8,12.7,0.28974197,0,0.892718502,0
FW,8,12.7,0,0,1.542680219,0
BW,10,12.7,0.361152588,0,1.112740406,0
FW,10,12.7,0,0,1.922893509,0
FW,30,12.7,0,0,5.36523198,0
BW,28,12.7,0.940504286,0,2.897769963,0
FW,28,12.7,0,0,5.007549848,0
BW,32,12.7,1.074862041,0,3.3117371,0
BW,34,12.7,1.142040919,0,3.518720669,0
FW,20,12.7,0,0,3.57682132,0
BW,24,12.7,0.806146531,0,2.483802825,0
FW,24,12.7,0,0,4.292185584,0
BW,36,12.7,1.209219796,0,3.725704238,0
BW,38,12.7,1.276398674,0,3.932687806,0
BW,40,12.7,1.343577552,0,4.139671375,0
BW,42,12.7,1.410756429,0,4.346654944,0
BW,44,12.7,1.477935307,0,4.553638513,0
BW,48,12.7,1.612293062,0,4.96760565,0
FW,48,12.7,0,0,8.584371168,0
BW,52,12.7,1.746650817,0,5.381572788,0
BW,56,13.4,1.881008572,0,7.320682011,0
FW,10,13.4,0,0,2.274285216,0
BW,0.75,13.4,0.035308583,0,0.137417189,0
BW,4,13.49,0.151152475,0,0.58826909,0
FW,6,13.6,0,0,1.401545961,0
FW,2,13.6,0,0,0.502158178,0
BW,42,13.6,1.410756429,0,5.490511508,0
FW,20,13.6,0,0,4.230453642,0
BW,60,14.2,2.015366327,0,9.314260594,0
FW,2,14.2,0,0,0.568968923,0
FW,2,14.27,0,0,0.568968923,0
BW,6,14.27,0.222563092,0,1.0286024,0
BW,64,15,2.149724083,0,5.112857277,6.507272899
BW,20,15.06,0.671788776,0,1.597767899,2.033522781
BW,10,15.06,0.361152588,0,0.858957506,1.093218645
BW,10,15.09,0.361152588,0,0.858957506,1.093218645
FW,10,15.09,0,0,2.898981584,0
BW,8,15.09,0.28974197,0,0.689116037,0.877056774
BW,12,15.09,0.428331466,0,1.018734296,1.296570923
FW,12,15.09,0,0,3.43822825,0
BW,14,15.09,0.470252143,0,1.118437529,1.423465947
FW,14,15.09,0,0,3.774726662,0
BW,20,15.09,0.671788776,0,1.597767899,2.033522781
BW,60,15.88,2.015366327,0,4.793303698,6.100568342
FW,60,15.88,0,0,16.17739998,0
BW,18,16,0.604609898,0,1.437991109,2.206009088
FW,18,16,0,0,5.490511508,0
BW,2,16,0.079741857,0,0.189656308,0.290950018
BW,1,16,0.04416879,0,0.105050094,0.161156394
BW,0.75,16,0.035308583,0,0.083977171,0.128828615
FW,0.75,16,0,0,0.320640108,0
BW,0.5,16,0.028167522,0,0.066993024,0.102773389
FW,12,16.3,0,0,3.889712768,0
FW,20,16.3,0,0,6.100568342,0
BW,28,16.3,0.940504286,0,2.236875059,3.431569693
BW,16,16.66,0.537431021,0,1.278214319,1.960896967
FW,6,16.7,0,0,2.021113488,0
BW,0.75,16.7,0.035308583,0,0.083977171,0.128828615
FW,1.5,16.7,0,0,0.255791547,0
BW,72,16.7,2.418439593,0,5.751964437,8.824036352
BW,30,17.3,1.007683164,0,2.560059929,4.357548816
BW,20,17.48,0.671788776,0,1.70670662,2.905032544
BW,24,17.48,0.806146531,0,2.048047944,3.486039053
FW,24,17.48,0,0,8.213979518,0
BW,10,17.48,0.361152588,0,0.917522791,1.561740921
BW,12,17.48,0.428331466,0,1.088193453,1.852244175
FW,12,17.48,0,0,4.364350338,0
BW,28,17.5,0.940504286,0,2.389389267,4.067045562
BW,28,18,0.940504286,0,2.541903476,4.7533595
FW,28,18,0,0,10.6759946,0
BW,48,18,1.779081999,0,4.808329728,8.991576591
BW,10,18,0.361152588,0,0.976088076,1.825284701
FW,10,18,0,0,4.099569917,0
BW,2,18,0.079741857,0,0.215518532,0.403019654
BW,10,18.26,0.361152588,0,0.976088076,1.825284701
BW,8,18.26,0.28974197,0,0.783086406,1.464371578
BW,6,18.26,0.222563092,0,0.601521872,1.1248459
BW,14,19.05,0.470252143,0,1.347208842,2.745255754
FW,14,19.05,0,0,5.909925582,0
BW,18,19.05,0.604609898,0,1.732125654,3.529614541
BW,1,19.05,0.04416879,0,0.126537613,0.257850231
FW,1.5,19.05,0,0,0.35399723,0
BW,0.75,19.05,0.035308583,0,0.10115432,0.206125784
FW,1.5,19.4,0,0,0.35399723,0
FW,2,19.4,0,0,1.002161171,0
BW,18,19.4,0.604609898,0,1.732125654,3.529614541
FW,18,19.4,0,0,7.598475748,0
FW,16,19.4,0,0,6.754200665,0
FW,8,19.4,0,0,3.641351786,0
BW,34,19.4,1.142040919,0,3.271792903,6.667049688
FW,34,19.4,0,0,14.35267641,0
BW,24,19.4,0.806146531,0,2.309500872,4.706152721
FW,24,19.4,0,0,10.131301,0
BW,10,20,0.361152588,0,1.03465336,2.391415785
BW,3,20,0.117563036,0,0.336802211,0.77845794
BW,0.5,20,0.028167522,0,0.080696143,0.186514669
BW,32,20.3,1.074862041,0,3.079334497,7.117329733
BW,30,20.3,1.007683164,0,2.886876091,6.672496625
FW,30,20.3,0,0,13.94415621,0
BW,0.5,21,0.028167522,0,0.085263849,0.210114485
BW,0.75,21,0.035308583,0,0.106880036,0.263382946
BW,1.5,21,0.028167522,0,0.085263849,0.210114485
FW,1.5,21.44,0,0,0.427080529,0
BW,0.75,21.44,0.035308583,0,0.106880036,0.263382946
BW,10,21.44,0.361152588,0,1.093218645,2.694003088
BW,8,21.44,0.28974197,0,0.877056774,2.161318479
BW,16,21.44,0.537431021,0,1.626818225,4.008944911
BW,12,21.44,0.428331466,0,1.296570923,3.195121202
BW,6,22,0.222563092,0,0.709795808,1.858702583
BW,1,22,0.04416879,0,0.140862626,0.368869081
FW,3,22.2,0,0,1.944556159,0
FW,2,22.2,0,0,1.318973413,0
FW,6,22.2,0,0,3.681313854,0
BW,8,22.2,0.28974197,0,0.924041958,2.419736993
FW,8,22.2,0,0,4.792488802,0
BW,16,22.2,0.567431021,0,1.826818225,4.108944911
FW,16,22.2,0,0,8.889399585,0
FW,18,22.2,0,0,10.00057453,0
BW,32,22.2,1.074862041,0,3.427938402,8.976550561
FW,24,22.2,0,0,13.33409938,0
FW,20,22.2,0,0,11.11174948,0
BW,34,23,1.142040919,0,3.827380377,10.61789395
BW,2,23,0.079741857,0,0.267242979,0.741383748
BW,20,23.8,0.671788776,0,2.251400222,6.24581997
BW,18,23.82,0.604609898,0,2.026260199,5.621237973
FW,18,23.82,0,0,10.86663736,0
BW,18,23.83,0.604609898,0,2.026260199,5.621237973
BW,14,23.83,0.470252143,0,1.575980155,4.372073979
BW,14,23.88,0.470252143,0,1.575980155,4.372073979
BW,18,23.88,0.604609898,0,2.026260199,5.621237973
FW,1.5,23.88,0,0,0.506254103,0
BW,3,24,0.117563036,0,0.393995039,1.204226772
BW,2,25,0.079741857,0,0.280174091,0.896557091
BW,0.75,25,0.035308583,0,0.124057185,0.396982991
FW,0.75,25,0,0,0.741480249,0
BW,12,25.4,0.428331466,0,1.609137127,4.815834856
BW,10,25.4,0.361152588,0,1.356762425,4.060526394
BW,24,26,0.806146531,0,3.20279838,9.913423556
FW,24,26,0,0,18.27991728,0
FW,30,26,0,0,22.8498966,0
BW,28,26,0.940504286,0,3.73659811,11.56566082
FW,28,26,0,0,21.32657016,0
BW,42,26,1.410756429,0,5.604897165,17.34849122
BW,20,26.19,0.671788776,0,2.66899865,8.261186297
BW,16,26.19,0.3645408,0,8.265055993,0
BW,14,27.79,0.470252143,0,1.969975194,6.30392062
BW,14,28,0.470252143,0,1.969975194,6.825010833
BW,4,28,0.151152475,0,0.633206312,2.193753482
BW,1.5,28,0.028167522,0,0.117999077,0.408809704
BW,18,29.36,0.604609898,0,2.663551714,9.477668675
BW,24,30.93,0.806146531,0,3.725704238,13.61734005
BW,24,30.96,0.806146531,0,3.725704238,13.61734005
FW,24,30.96,0,0,24.03188172,0
BW,12,30.96,0.428331466,0,1.979585962,7.235328809
BW,4,30.96,0.151152475,0,0.698569545,2.553251259
FW,1.5,30.96,0,0,0.839696655,0
BW,26,31.4,0.873325409,0,4.225006706,15.86147769
BW,14,31.75,0.470252143,0,2.275003611,8.540795679
BW,28,32.5,0.940504286,0,4.550007222,18.27628599
BW,20,32.54,0.671788776,0,3.250005159,13.05448999
BW,12,33.32,0.428331466,0,2.16481038,8.890772041
BW,28,33.8,0.940504286,0,4.7533595,19.5218187
BW,30,34.7,1.007683164,0,5.31076262,22.305203
BW,20,34.93,0.671788776,0,3.540508413,14.87013533
BW,30,36,1.007683164,0,5.52864006,25.13760973
BW,30,36.2,1.007683164,0,5.52864006,25.13760973
BW,16,36.53,0.537431021,0,2.948608032,13.40672519
FW,1.5,36.53,0,0,1.186842325,0
BW,48,37,1.779081999,0,10.14557573,47.02546474
BW,60,37,2.223852499,0,12.68196966,58.78183092
BW,20,38.1,0.671788776,0,3.976263295,18.79192927
BW,34,38.5,1.142040919,0,6.759647601,31.94627976
BW,32,38.6,1.074862041,0,6.362021271,30.06708683
BW,24,38.89,0.806146531,0,4.771515954,22.55031512
BW,30,42.9,1.007683164,0,6.618027264,34.72421713
FW,1.5,42.9,0,0,1.58880047,0
BW,8,43,0.28974197,0,1.902899965,10.47769611
BW,20,44.45,0.671788776,0,4.557269803,25.47350412
BW,20,44.46,0.671788776,0,4.557269803,25.47350412
BW,18,45.24,0.604609898,0,4.232269288,24.02098785
BW,24,46.02,0.806146531,0,5.817327669,33.53133814
BW,34,47.1,1.142040919,0,8.241214198,49.63248101
BW,14,50,0.470252143,0,3.596793419,23.19486922
BW,10,50,0.361152588,0,2.762329254,17.81360738
BW,20,50.01,0.671788776,0,5.138276312,33.13552746
FW,1.5,52.37,0,0,2.210008512,0
BW,0.75,55,0.035308583,0,0.300600101,2.112789281
BW,6,55,0.222563092,0,1.894793895,13.31769424
BW,16,55,0.537431021,0,4.575426257,32.15871026
BW,24,59.54,0.806146531,0,7.386045243,55.60232289
BW,18,60,0.604609898,0,5.670260397,43.15607409
BW,12,60,0.428331466,0,4.017054555,30.57360542
BW,34,62.2,1.142040919,0,10.95741963,87.07290357
BW,20,80,0.671788776,0,7.31705072,65.4177016
BW,24,90,0.806146531,0,8.780460864,78.50124192
BW,6,110,0.222563092,0,2.424133142,21.67283303
